UNITS INCH,1000;
ADD P1 :W0.000000  0.250,-0.125 9.125,-0.125 9.125,2.500 0.250,2.500 0.250,-0.125;
ADD L1 :W0.000000  7.215,6.325 7.795,5.680;
  BEGIN_ASSOC
  END_ASSOC
ADD L1 :W0.000000  7.215,5.675 7.785,6.330;
  BEGIN_ASSOC
  END_ASSOC
ADD P1 :W0.000000  7.935,6.000 7.933,6.037 7.928,6.075 7.920,6.112 7.908,6.148 7.894,6.183 7.876,6.217 7.856,6.249 7.833,6.279 7.807,6.307 7.779,6.333 7.749,6.356 7.717,6.376 7.683,6.394 7.648,6.408 7.612,6.420 7.575,6.428 7.537,6.433 7.500,6.435 7.462,6.433 7.424,6.428 7.387,6.420 7.351,6.408 7.316,6.394 7.282,6.376 7.250,6.356 7.220,6.333 7.192,6.307 7.166,6.279 7.143,6.249 7.123,6.217 7.105,6.183 7.091,6.148 7.079,6.112 7.071,6.075 7.066,6.037 7.065,6.000 7.066,5.962 7.071,5.924 7.079,5.887 7.091,5.851 7.105,5.816 7.123,5.782 7.143,5.750 7.166,5.720 7.192,5.692 7.220,5.666 7.250,5.643 7.282,5.623 7.316,5.605 7.351,5.591 7.387,5.579 7.424,5.571 7.462,5.566 7.500,5.565 7.537,5.566 7.575,5.571 7.612,5.579 7.648,5.591 7.683,5.605 7.717,5.623 7.749,5.643 7.779,5.666 7.807,5.692 7.833,5.720 7.856,5.750 7.876,5.782 7.894,5.816 7.908,5.851 7.920,5.887 7.928,5.924 7.933,5.962 7.935,6.000;
  BEGIN_ASSOC
  END_ASSOC
ADD L1 :W0.000000  7.000,6.000 7.060,6.000;
  BEGIN_ASSOC
  END_ASSOC
ADD L1 :W0.000000  7.500,6.500 7.500,6.435;
  BEGIN_ASSOC
  END_ASSOC
ADD L1 :W0.000000  8.000,6.000 7.935,6.000;
  BEGIN_ASSOC
  END_ASSOC
ADD L1 :W0.000000  7.500,5.495 7.500,5.565;
  BEGIN_ASSOC
  END_ASSOC
