UNITS INCH,1000;
EDIT proj;
ADD L1 :W0.000000  2.715,3.825 3.295,3.180;
  BEGIN_ASSOC
  END_ASSOC
ADD L1 :W0.000000  2.715,3.175 3.285,3.830;
  BEGIN_ASSOC
  END_ASSOC
ADD P1 :W0.000000  3.435,3.500 3.433,3.537 3.428,3.575 3.420,3.612 3.408,3.648 3.394,3.683 3.376,3.717 3.356,3.749 3.333,3.779 3.307,3.807 3.279,3.833 3.249,3.856 3.217,3.876 3.183,3.894 3.148,3.908 3.112,3.920 3.075,3.928 3.037,3.933 3.000,3.935 2.962,3.933 2.924,3.928 2.887,3.920 2.851,3.908 2.816,3.894 2.782,3.876 2.750,3.856 2.720,3.833 2.692,3.807 2.666,3.779 2.643,3.749 2.623,3.717 2.605,3.683 2.591,3.648 2.579,3.612 2.571,3.575 2.566,3.537 2.565,3.500 2.566,3.462 2.571,3.424 2.579,3.387 2.591,3.351 2.605,3.316 2.623,3.282 2.643,3.250 2.666,3.220 2.692,3.192 2.720,3.166 2.750,3.143 2.782,3.123 2.816,3.105 2.851,3.091 2.887,3.079 2.924,3.071 2.962,3.066 3.000,3.065 3.037,3.066 3.075,3.071 3.112,3.079 3.148,3.091 3.183,3.105 3.217,3.123 3.249,3.143 3.279,3.166 3.307,3.192 3.333,3.220 3.356,3.250 3.376,3.282 3.394,3.316 3.408,3.351 3.420,3.387 3.428,3.424 3.433,3.462 3.435,3.500;
  BEGIN_ASSOC
  END_ASSOC
ADD L1 :W0.000000  2.500,3.500 2.560,3.500;
  BEGIN_ASSOC
  END_ASSOC
ADD L1 :W0.000000  3.000,4.000 3.000,3.935;
  BEGIN_ASSOC
  END_ASSOC
ADD L1 :W0.000000  3.500,3.500 3.435,3.500;
  BEGIN_ASSOC
  END_ASSOC
ADD L1 :W0.000000  3.000,2.995 3.000,3.065;
  BEGIN_ASSOC
  END_ASSOC
SAVE;
